1.084576009762349 2.421516740747265 4.813285450222808 5.923564496001442
79101.44982083338 82730.00577200124
-27289.74933608115 -20911.53006847488

6.074326085115931 6.135267945527579 0.10184636998192086 1.1608948300464548
53410.47275211862 51078.5398852478
1259.8000005152862 -9236.384998828711

0.8636979749929035 2.68143505536447 0.017877163409099058 2.10274812627977
100239.82520461196 102368.14506570081
41850.76880915259 39526.63259425343

0.9739930526608669 2.5047126710074488 5.147077807722124 6.272867572633465
97462.98488497706 166709.88385778805
30062.541710892736 -62414.44972549794

1.0078168941735375 2.007062055500173 4.961512063635658 6.1964287219704675
100197.84249679673 186735.6375437409
-14871.27617959831 -86656.45892377738

2.7844104429706533 5.462049157082219 4.503595860788984 5.900256045344644
55677.33535490213 99324.11112180956
68013.2817054553 -11449.166035711023

1.6532346957329085 2.575221962182607 0.20117754689727166 1.415762685524308
59401.60469058621 29479.561898212323
-48708.10993090211 18224.49470354896

1.555625634505371 3.5681723779914996 0.16117143797367914 1.9410427832463122
35436.467981991176 67958.508682816
23070.012256163318 37978.11220734607

5.626033588368831 5.736671107373824 2.3026218415836395 3.0449432166114594
50040.22344620248 158040.23338323348
88455.26588258563 73031.02609678419

3.949085412264819 5.819029829721893 0.28928186712305737 1.0396432263004185
84826.73522346788 121697.70759612827
-63590.52045136393 -30222.978095540486

0.0008640282371319725 1.2630163914805683 0.9763319579132722 2.1737976630062743
42769.176127839324 81098.85698550644
82093.41499560582 -70818.40115258202

1.4056758449538254 2.811324909882253 4.366397709777304 4.4401316180909856
64261.9176042327 131524.11818997003
54867.062032760965 -46974.103851684944

4.973027442602487 5.563815266498222 3.665114816196998 6.150988342234296
86636.53707568099 38214.623625915505
-32136.604845049413 54515.71324878925

2.8886789385610268 5.889358778075272 2.795656724083223 5.868913605823662
95822.97575596227 25651.742288393056
47684.245364523464 83297.64300357888

1.2004124491208037 2.764411389642659 4.725303860451598 5.668689889179186
89586.93784454452 115100.44422446506
-80535.88938508139 50832.63167042256

2.0350414754520045 4.008645692135293 4.363588135015311 6.139696947893951
111618.82178428832 185609.87038844218
13585.307071074378 -91764.57059359524

3.568505394204121 4.720341921896516 4.503667193271428 5.8929573995579885
45112.88211328054 83159.66633032766
51048.64252572955 14859.378482573054

2.871935684961877 4.401220772054142 5.229952757989414 6.2123344069771305
90628.0961495354 148396.9216404703
99970.34242009357 -17722.876873031826

3.4632948518583104 5.526187198731825 0.5253355421867099 1.5377084450467189
83072.37544732532 174958.9386196031
-71661.56202319804 65575.27198701171

4.877552260547813 5.244825458297665 1.0035145883771175 2.1581544995802564
77034.79538362706 120314.47194999216
-82132.91966886482 -80496.0827530461

0.7152698672016709 2.867443263498202 3.4878195483894783 5.885644878624447
44123.60709215936 126523.2210781025
86309.00834192292 11548.709743575295

3.463491691200034 6.198298431137708 4.433187392398425 5.230316315500482
89425.73216738873 171023.0233260034
26585.341348807502 91863.10822611683

0.26665842940559625 2.475585409050072 0.11338529560080048 1.8451670985612907
97519.77362349501 104799.01976997383
34749.415221436095 4588.806559991848

0.4157481307691354 1.4983245216388723 5.712953268023662 6.2402662970616944
125825.915931718 70569.76688211123
41343.17359304114 36915.24425525038

3.0603560354831005 4.407878144132439 2.948361280862542 3.4741522333190638
80310.19923866352 47475.1716725045
-91437.13217848974 -89143.59684948032

1.9019035340822719 3.3420967304893514 4.982470572669097 6.217516275964523
91886.76346769676 201488.77860562582
60335.394891685544 -92414.48022845233

2.1443891513981237 3.786456604208632 0.3440023157985815 1.248915552370152
92185.78753590639 98754.4681186206
-99213.05767940587 46620.26909365383

4.337693390712383 5.443434466329154 4.682450463551418 6.254906443750372
62475.290824202166 157951.77475620646
-5449.711007507489 97483.05400962275

5.371009265081755 6.09055046214415 5.261410487331964 6.070562563261119
53967.03039732719 99188.95366920886
-10215.713867079816 50976.57796750072

4.741932866299817 5.644469114273011 0.016076012307563826 1.0537479409019659
92282.49690815884 121515.9134078203
-19304.063163576386 22768.316032616625

5.206005551641243 6.164366137512644 1.231307534812708 2.0113186639266374
97366.76885967614 58806.676341724626
65557.71650318534 -93047.06963345289

2.086203949030458 3.9082988960584615 3.5992228791735608 3.8330086178062537
50857.9491752147 19627.765567929007
-63792.299509374636 24821.671257679933

0.03352003452363494 2.4885583645344136 4.968284312399728 6.077398163580232
44305.91329897096 68068.65958574049
-28774.139217080185 -15231.113446889329

3.9821114995628153 5.979644597977973 0.9195076613939965 1.0826599013097984
92787.83972788928 62741.485156640956
7592.1045995714085 -79171.23023342014

3.339230531637363 4.711559590413184 0.025072554784181283 1.2557316553955287
54718.97332132919 171166.81537477023
81569.86537007306 83174.4633600667

1.5076753060820764 4.200517123602756 5.281955378706103 6.188089006959771
72135.70073599063 139768.09081238054
2334.4003260354657 -96596.04529389935

0.11076756846334812 2.0425889210225625 0.12845686448800947 0.7423359988625892
84325.96610959392 194037.59886613727
-62554.04548193304 -97518.75138647205

4.6597937107283345 5.547898969320478 0.5766944195441691 2.4656030260461907
90955.82283097495 15649.377400709662
-10084.368640166576 92654.20240581589

5.014340827892445 5.458926583689052 5.174445386461965 5.48204733989088
105279.51816284371 164565.97038858087
96174.6554917666 72833.67867323913

1.6720536101187236 2.6212347996142524 4.950766212916525 5.958590276112085
80709.84909382134 151305.6817881257
-86286.27563131397 -80081.70286786392

3.518204782247121 4.153562792613486 0.4772389565297552 1.2990834314536486
103046.29367614361 89000.68025559287
-53824.16710433864 11526.313558515903

1.474883103185782 2.723883563469523 0.12552344650395386 0.18426653265682402
84217.84319304532 187150.74641145184
82467.51801820946 -63648.429512256465

3.3587603826749888 5.464157314794137 0.08084101226385809 1.6227130458475607
113519.74654838993 176563.3060577276
-77125.34402172038 78934.57963079141

1.3317864068886809 3.190021226535332 4.349344226286089 6.214820549216557
105620.12256500468 128170.12610315728
-38312.71291901916 -53979.144958804136

3.785236757572177 4.448618432452412 5.241840782252519 6.075363463574919
69146.85056756716 165033.34340157997
87818.36234951377 48975.89215975505

1.1893353526307726 3.1190170248539615 4.201964906236254 5.627496380219791
61712.000274187856 59610.44884940153
-36102.95749596131 -23385.575613422247

1.7946587551942472 2.2858482219468947 1.7927341919105781 4.569999263529645
83353.33993280258 55251.266544691156
2253.4958626970474 -28938.323875480783

5.023998731658574 6.012902214582627 0.15633571238043495 0.6199318983337975
52011.62806794799 72726.50339916337
-32042.991990078357 -19705.899868608

2.732195393593443 4.125155097634944 3.7687359092187314 6.195163301196023
78945.1829381727 101923.82134548968
3707.0314852879674 -97911.88655754966

4.624762786098364 5.681587521993887 4.556951765139367 5.698065000311874
104710.8047945493 43485.71750637832
64813.252230982645 -50791.53410577591

0.696954638494603 2.4239233388026253 4.645547122169252 5.47403192193209
83302.4261907887 26323.16134449809
-45434.670251681244 57447.25408709023

0.3010791317443425 0.8234363633212533 5.939917342497666 6.119222570475222
54585.578074396944 128244.82648909034
-70037.7694979822 -29165.436899395485

1.7637997259563516 2.165437213066853 5.103342988341163 5.268719247836244
43484.37664181277 102069.33861071593
-87836.716111574 -83162.77210613372

0.5554435006293591 1.9359333888265922 0.7068585658138605 2.9837242580939467
65698.82488935921 67183.89098281838
49185.46406196567 -84681.11860487977

0.2664323973558236 0.6698448255829135 4.66985750714709 6.230527598177696
87351.67358803136 139222.68959374906
-62080.758054778926 85091.96603523334

0.2352236845386812 2.0943187977774587 1.382245991833747 2.4644639075113464
82389.4096937238 13960.470629617332
74159.5579468155 32691.445226440905

4.774351117840331 6.228129722569479 0.00796639160925309 0.4679044497974917
48030.01463629739 102713.33130411775
-54670.02963911283 1876.1882934984897

0.11695369169792354 1.754108609301998 5.290793614467728 5.682606793853853
88602.66861582031 145436.99043925793
-82048.80180592876 74987.84239330882

0.2239455366158534 0.7719282508107058 0.6291929306859126 2.1135347727436575
97412.50990995334 51432.213947990094
67498.5506106909 -21196.25866061679

3.705087304901321 5.6235479770205465 1.0331468358862164 1.9285182864589032
31335.911583127974 46993.83566977735
-37948.914863082784 -27024.46170058468

0.7583782923708149 1.5583620531232134 0.2939112040674418 1.2829983133805611
67129.15543637508 123266.10589305406
19677.148913155193 -59129.42860480248

3.89777225122738 4.572558597242075 5.507501197152919 5.705848797653759
46102.52984607042 72234.47017485132
41359.894403038634 -8385.311318721797

2.110776140122766 3.0802131893364804 1.4364025638168174 2.9084099707005673
72100.80333700919 130451.07925809345
32805.18198376513 -72033.43681794374

0.48573739926545695 1.9936919953534813 0.6375812464492775 2.1090910094121584
82865.48508160378 139951.27371926964
76856.45179417022 -59892.91876297198

3.4298062897740915 3.6821697792369084 0.06261194254724466 1.1060476964806405
88973.43129100348 195329.14988152936
90071.37830377134 57504.88096724401

2.9221640051645776 6.009178546151048 2.925231319764236 5.026329682497862
32098.39539091739 100584.83868564584
-35868.16094414951 -79582.33529208082

4.915238069201681 5.8575262272522535 2.5041161334831354 5.382191636075123
77024.73389086573 110901.51537756213
73492.85165726222 -84840.68989263878

4.3812135342118985 6.199770107074837 0.287279745344332 1.7602808982607852
107861.47144515984 67059.04545628164
-25132.15964648519 -94011.57205215242

0.5385984799176705 1.076315465341421 0.14738696884623104 1.973230274774484
109388.7269889473 136663.89319733286
35773.516064270225 -61556.227488758734

3.5006992906966268 4.096150503013896 0.01045192123640565 1.4233613718311253
57112.46383975896 152348.52437837646
61124.17712647648 73768.96555322636

1.8655574986191574 3.247770978186437 1.8384650163837752 4.790208116115442
96732.31014548494 2440.755296871302
-94869.13393890276 -13289.244516841121

1.0241427784812154 2.4322975876254405 0.012057818160457099 2.204620156592702
32509.573723528734 105993.46580910735
75916.9082725179 -40286.772122339375

1.9509990784413362 3.2310888720486144 0.01394582901050361 0.8060228680520534
86196.73613641268 166998.02407032176
79431.37755034305 29975.74322495889

2.006270413350492 3.3417302803035263 6.116621488675739 6.264186790148699
139564.00809827933 262128.78458460592
83408.01770122137 -89885.62887844909

0.3415567841584151 1.7489063861553344 3.1155268227085346 4.025430415292775
93455.31210312941 187676.62579919715
16512.159136825518 -93457.06813902374

3.4223312055220347 4.907773484859514 0.13548183522787258 1.3918314420538418
69327.11301420121 76373.3862355405
-69547.83460489253 41156.98861368932

5.264492804723897 6.024585871608461 0.04077609152670991 1.3882283981045154
123115.27765495155 56224.32036996697
23748.117800130436 -73712.68568185363

0.3294076529660164 2.177306640097573 0.005771211867983857 0.9260938410206915
9210.084456766344 115191.1649097907
-63043.06850599368 -85440.39800186871

3.5979374991452877 4.412751925642773 4.260726995648293 6.219921994725315
29985.24786522731 123304.01836692459
87734.04371204606 42069.51000304383

1.6336559386090426 2.380123468336233 0.09688957372710454 0.44610795459749036
20277.437721879454 121330.7105963309
82537.57474729625 -59114.62000393453

1.0331720435198797 1.879477009532359 1.8524245568207296 4.292592817080869
42539.04655018579 33758.43921562953
30302.438136416415 46704.00901360481

1.002399796710636 2.2291657284831548 0.5244978490383557 1.907581760584331
94461.701082762 125955.79650413536
66391.92355067609 -15369.012146764333

4.004534511708415 5.63148481315452 2.9327853636770826 3.5460016301333295
69803.3053236816 33752.1148264128
79880.63599182467 -63625.81826731859

4.761347629789499 5.760675945454819 0.5212308297732371 1.1030404275934305
114050.8919804422 119777.49825378883
-50258.60200379471 -48438.303821541616

4.611600632261638 5.567537024058292 0.0813250494369895 0.8379520275267722
82583.97442981943 133359.4268818417
-59842.00286551011 6559.007594370385

3.1795977814390266 4.579300789015118 0.1274374238000405 1.7263218084432932
92200.55210205397 107457.31872678026
11189.13123650229 22672.26026033325

2.641242826825164 5.050349559238007 1.0904019961484475 4.198257649882136
68201.73870011153 63613.842310450695
13107.880927562364 -80025.14817074333

3.1681338063875444 4.570557672124982 4.9085702488128335 6.159995014236718
53544.64442097999 98896.0748458239
47658.96323886342 13218.566265529022

1.1609818022062504 3.0290152487779065 4.169090901622857 5.7551561686134685
96633.38515163644 60051.61988516838
-41387.98191902395 39944.66323187773

0.8204304689737151 1.3368754113369934 0.31602983224372055 2.042239775056623
87652.27399828077 60673.510475252435
59175.71702877668 26429.85328712406

1.905675658415664 3.6289620894139896 0.3663888302997572 2.781524993419888
67833.94932962286 58073.84509886945
-86862.82977856102 32309.790529386635

4.0233231795302125 5.707286186533512 5.440582270233987 6.009495445157034
130643.86051934597 130885.23739144886
62176.05362156374 39693.12267909871

2.8891983166078563 4.3655921366778205 1.7962423202414424 4.937704820963244
79668.73841385319 154485.3308293355
-51612.39825133444 57190.59047352252

2.765764467535452 4.272620720729028 3.9515771571633764 5.602753045102556
61100.21157925236 62787.51255832127
32487.371778224537 -65870.5600340516

2.107135299878754 3.523488222040082 0.5316582814195376 1.4508525477203136
93640.98460631883 25057.796438631514
-70104.01852381512 30849.85649176703

4.97180909715395 5.031461319539438 0.5409992790134099 3.0684895467737334
68152.38948154863 69953.86304466632
-41494.12075374406 -96755.07757599691

2.9273594632870314 5.7774318634341855 1.4245849090840013 2.5317438116110758
113889.05996861489 17086.957417327252
94242.42128872179 -40425.27684554833

5.081032895426946 5.876012030773179 3.643046301407676 5.79904694123452
74760.16758317358 133228.15299943337
98491.78288923152 85223.74052708823

5.001247053967548 5.893618426995893 0.3850695681645859 1.4486710563679475
55657.04294905204 94753.443352649
-54217.8905522005 -21259.29130055748

0.22377714627454776 1.4649759831712865 5.903722959995292 6.051379914538015
88865.68256412941 149230.09839555062
-55231.84471928944 -41462.290358229744