2.3342110007535726 5.857348548624559
 0
6.080361479821871 0.1730141179416798
 1
2.0751924299751527 0.5758147249801049
 10
2.0583024056482078 6.2671324606959855
 11
1.6442393198658758 6.169465622537614
 12
4.281030907820454 5.548664830103283
 13
-1
 14
3.052140892263796 0.6272669672028495
 15
-1
 16
5.3804265526563775 0.5992719159499156
 17
0.002535676668126348 2.0745029952712275
 18
-1
 19
-1
 2
-1
 20
1.2352087740328432 5.345634419462872
 21
2.5856541932415054 5.891967017187171
 22
4.553262381532589 5.667162267356848
 23
4.345575027236107 5.546704482870648
 24
-1
 25
5.220169799549252 1.1727912356262165
 26
-1
 27
-1
 28
1.7378118682633752 0.34080589555477137
 29
0.6703497009488774 6.237227533701656
 3
3.8862141293586188 3.2171756547357746
 30
2.323888735806845 6.187835840156394
 31
3.711550173315273 1.2213419753875547
 32
5.105337028408569 6.077283671518282
 33
5.629013249151026 5.930773691552481
 34
5.181501977416867 0.057020879950621585
 35
5.869107844001596 1.5722859403340275
 36
2.622897088283283 3.6802123434950453
 37
1.4654048994012219 5.87511597472373
 38
5.5379612341181135 1.0071838086427394
 39
3.8851544646831866 0.03509461839674264
 4
2.7992643383741966 5.581627399851053
 40
0.4971756083907395 0.29210968349200833
 41
-1
 42
5.303678465615129 5.4620759570859345
 43
2.1858629444228495 5.402520872494007
 44
3.97220290305551 0.5631647619402707
 45
2.253374990452058 0.127738452018807
 46
4.161692459732848 0.6512413316224014
 47
2.460622015763042 5.74170608893198
 48
4.128808379999899 5.998834586732673
 49
2.553330648160826 5.55910568911565
 5
-1
 50
5.567087651083382 0.51626051156803
 51
3.5390574213508925 5.163805469624466
 52
5.214123001904771 5.442645652813661
 53
1.9272695040714003 5.25582975528241
 54
0.7681824804021724 6.065562333708913
 55
-1
 56
-1
 57
0.5945347828363873 5.425878634260606
 58
0.585454685751967 1.3896027104745439
 59
6.210437364385885 0.02047004099906438
 6
0.7822703127157273 5.414636203218596
 60
0.23190629499495577 0.7792078911287085
 61
5.001991812022733 1.217172440042299
 62
1.271081929807158 0.2985579054360031
 63
4.168605711819525 5.700763917679242
 64
-1
 65
1.1099155011663682 0.7507593565948099
 66
3.5652298536437823 0.07889751213918514
 67
-1
 68
-1
 69
5.109380144309877 1.0922739055318653
 7
0.6320728315908123 0.544576170666233
 70
3.8425280619769038 0.11152948639452637
 71
-1
 72
1.6059631300096031 0.7788126980206486
 73
3.0638215497946546 0.21762269999106196
 74
2.360957505864456 6.2634839649681915
 75
-1
 76
3.664548302886392 1.1723746077657233
 77
5.361483520006027 0.4734950285254569
 78
0.717349441692394 0.20048604818121016
 79
4.182077042287746 5.82622169491067
 8
2.283897982124611 0.1970551585947849
 80
-1
 81
1.522746288531719 0.5613828774731674
 82
5.495297833136238 3.497052359259407
 83
5.255575912775211 0.604349753928728
 84
5.433690128260408 0.30940490573012686
 85
3.225622418219198 0.20289383482929776
 86
-1
 87
3.9792659298579194 6.0111877931955755
 88
1.752812536432667 5.691914107078007
 89
1.1842872911581324 0.83182246405874
 9
3.4602498782802784 1.6489411489171781
 90
5.563361251869837 5.711315050397431
 91
-1
 92
4.215744032120286 5.014261473029965
 93
2.9442990130901694 0.7193175532757463
 94
5.022353774105243 1.7335493943375961
 95
-1
 96
5.674899618142231 5.038150491286837
 97
5.480141176964304 0.6034761352667337
 98
1.3163420193749193 5.990779050417358
 99
2.33421 5.85735

6.08036 0.173014

2.07519 0.575815

2.0583 6.26713

1.64424 6.16947

4.28103 5.54866

-1

3.05214 0.627267

-1

5.38043 0.599272

0.00253568 2.0745

-1

-1

-1

1.23521 5.34563

2.58565 5.89197

4.55326 5.66716

4.34558 5.5467

-1

5.22017 1.17279

-1

-1

1.73781 0.340806

0.67035 6.23723

3.94237 3.06601

2.32389 6.18784

3.71155 1.22134

5.10534 6.07728

5.62901 5.93077

5.1815 0.0570209

5.86911 1.57229

2.6229 3.68021

1.4654 5.87512

5.53796 1.00718

3.88515 0.0350946

2.79926 5.58163

0.497176 0.29211

-1

5.30368 5.46208

2.18586 5.40252

3.9722 0.563165

2.25337 0.127738

4.16169 0.651241

2.46062 5.74171

4.12881 5.99883

2.55333 5.55911

-1

5.56709 0.516261

3.53906 5.16381

5.21412 5.44265

1.92727 5.25583

0.768182 6.06556

-1

-1

0.594535 5.42588

0.585455 1.3896

6.21044 0.02047

0.78227 5.41464

0.231906 0.779208

5.00199 1.21717

1.27108 0.298558

4.16861 5.70076

-1

1.10992 0.750759

3.56523 0.0788975

-1

-1

5.10938 1.09227

0.632073 0.544576

3.84253 0.111529

-1

1.60596 0.778813

3.06382 0.217623

2.36096 6.26348

-1

3.66455 1.17237

5.36148 0.473495

0.717349 0.200486

4.18208 5.82622

2.2839 0.197055

-1

1.52275 0.561383

5.4953 3.49705

5.25558 0.60435

5.43369 0.309405

3.22562 0.202894

-1

3.97927 6.01119

1.75281 5.69191

1.18429 0.831822

3.46025 1.64894

5.56336 5.71132

-1

4.21574 5.01426

2.9443 0.719318

5.02235 1.73355

-1

5.6749 5.03815

5.48014 0.603476

1.31634 5.99078